# Detector locations exported from 'traps(captdata)' 
# Sun Oct 31 20:34:04 2010 
# Detector  x  y
1 365 365
2 365 395
3 365 425
4 365 455
5 365 485
6 365 515
7 365 545
8 365 575
9 365 605
10 365 635
11 395 365
12 395 395
13 395 425
14 395 455
15 395 485
16 395 515
17 395 545
18 395 575
19 395 605
20 395 635
21 425 365
22 425 395
23 425 425
24 425 455
25 425 485
26 425 515
27 425 545
28 425 575
29 425 605
30 425 635
31 455 365
32 455 395
33 455 425
34 455 455
35 455 485
36 455 515
37 455 545
38 455 575
39 455 605
40 455 635
41 485 365
42 485 395
43 485 425
44 485 455
45 485 485
46 485 515
47 485 545
48 485 575
49 485 605
50 485 635
51 515 365
52 515 395
53 515 425
54 515 455
55 515 485
56 515 515
57 515 545
58 515 575
59 515 605
60 515 635
61 545 365
62 545 395
63 545 425
64 545 455
65 545 485
66 545 515
67 545 545
68 545 575
69 545 605
70 545 635
71 575 365
72 575 395
73 575 425
74 575 455
75 575 485
76 575 515
77 575 545
78 575 575
79 575 605
80 575 635
81 605 365
82 605 395
83 605 425
84 605 455
85 605 485
86 605 515
87 605 545
88 605 575
89 605 605
90 605 635
91 635 365
92 635 395
93 635 425
94 635 455
95 635 485
96 635 515
97 635 545
98 635 575
99 635 605
100 635 635
